568
676
1266
228
1032
1301
1334
4
1359
290
105
579
441
879
324
555
1165
631
60
1022
420
1214
854
695
1051
1007
793
1128
837
93
1372
79
1394
52
108
403
449
706
395
19
64
55
530
632
1358
1210
25
757
934
273
1320
1263
413
1381
538
558
1299
860
1094
1044
1279
691
37
1104
483
1175
1398
54
216
398
47
1383
1068
83
311
779
15
737
1355
731
528
1069
881
486
540
698
113
1147
467
1387
121
1042
549
1432
807
858
5
1262
1351
144
1217
1310
832
599
1269
546
1036
1111
242
725
1088
334
990
669
646
380
1140
198
425
1302
229
999
707
96
1206
1195
1009
855
411
956
33
1427
804
1250
1407
365
1270
1039
377
958
980
1209
1002
1151
1013
724
260
168
464
300
1311
758
903
1454
209
788
164
82
715
719
840
282
1252
154
358
985
1192
527
581
269
1319
786
375
1136
508
981
1419
1393
1081
85
1324
241
409
590
575
726
1410
899
1401
1452
130
679
1444
1087
647
1339
297
901
815
234
812
1379
459
633
440
892
979
732
429
468
1323
1231
1059
878
1294
625
172
1026
32
12
1101
661
7
214
1162
1134
1461
1246
455
565
1337
651
372
1292
689
355
431
1284
140
294
1183
186
877
548
180
641
129
919
423
612
1273
926
1142
1138
187
223
916
202
618
408
1391
36
789
1102
962
1053
1040
709
1137
116
523
1048
389
605
808
309
199
1304
1107
1047
1268
880
1100
376
969
1368
257
70
40
554
913
1462
1447
997
1374
281
1110
1082
672
820
711
488
1261
701
206
1154
730
145
650
1347
412
9
602
869
1309
288
196
856
387
687
1159
1004
336
1316
356
1037
818
1336
964
904
571
928
1057
220
1155
744
491
1199
402
374
1329
482
1236
453
1426
626
287
1249
536
1075
1342
1213
1431
456
1402
825
1158
1229
427
1416
1282
471
787
908
348
1172
1443
1341
304
1072
98
1247
278
506
917
1382
1406
849
298
501
660
517
1362
782
238
280
1193
430
1173
493
1071
1264
1171
853
1345
1080
1129
1303
1412
896
454
1179
330
465
505
42
1113
139
1099
1119
1397
480
587
534
13
1141
201
169
712
1092
708
248
321
503
800
627
750
322
1226
640
1464
762
245
1062
1006
1139
888
30
567
1408
1031
188
315
871
271
296
1415
1348
777
912
995
585
306
34
1024
592
1219
1033
809
512
289
148
447
382
446
1008
648
1251
547
1340
513
622
91
577
1205
728
352
526
1015
1424
518
780
1018
1170
1106
1014
862
898
1421
331
1112
1255
473
906
1423
6
848
1168
137
1272
125
285
1234
1023
415
1350
552
1208
1385
511
1360
572
593
806
667
736
195
344
405
268
58
694
46
972
883
207
649
831
584
103
1197
1435
993
1125
1152
754
874
609
301
774
1203
1276
383
92
262
1327
1405
742
48
551
755
68
1030
665
1280
986
882
102
699
991
974
127
310
1041
1222
494
1237
359
996
254
193
670
469
794
830
1404
1228
1365
984
477
866
664
1073
414
437
1438
1295
500
803
654
445
1456
463
1117
893
821
424
1377
781
165
1253
1079
417
1225
29
684
1411
1160
1056
1191
333
613
600
637
870
630
1020
1305
824
1157
897
1446
217
126
978
873
1422
900
1188
73
492
541
700
435
1116
347
1178
1315
768
921
705
1109
1224
685
521
1428
1182
753
177
1089
97
350
433
545
982
1058
884
852
1198
621
1248
255
817
1000
1466
773
307
368
814
385
573
688
843
801
1034
325
739
588
1296
597
1220
313
479
451
335
507
759
156
342
734
363
270
738
371
727
1453
642
564
822
252
1156
937
452
8
249
295
720
251
109
561
138
1153
1189
1212
776
910
17
865
747
977
1123
655
756
810
1297
953
448
1121
1390
276
795
1070
171
1392
400
638
1364
662
772
1317
357
134
361
713
678
714
918
1375
213
475
302
1403
940
84
861
1286
846
902
1029
1278
520
1103
604
580
826
227
542
418
948
1019
1060
153
594
104
935
620
1187
439
1216
1433
1164
656
354
550
62
770
677
244
1414
828
1163
833
895
349
1370
1105
961
1371
733
1389
839
1077
1124
191
101
930
1201
960
763
110
1281
1395
1308
566
603
1259
704
267
1384
790
863
232
748
1451
760
436
827
607
796
1380
1318
458
569
819
601
94
314
1258
1010
457
1005
1180
1
1127
1313
1440
556
1050
595
1207
275
765
629
857
692
516
119
591
1078
515
1343
693
1064
890
1457
690
444
570
1417
292
397
323
544
1298
686
211
1289
950
317
509
490
1017
1352
989
932
887
379
624
616
75
723
1028
299
894
1120
1177
721
72
219
410
578
582
406
951
775
381
559
460
1091
829
1244
1458
1035
813
645
1376
623
1326
680
574
606
533
495
1143
86
1378
823
1076
907
522
277
329
681
44
933
1063
35
1150
576
876
761
1003
955
938
1465
378
250
1096
1332
946
264
1108
1321
1245
652
1239
422
1256
1052
442
484
1021
149
710
481
696
74
911
152
404
976
396
11
1330
1300
426
230
992
353
535
557
1184
1436
799
240
658
428
1115
653
1061
1442
283
634
1328
1065
970
1448
394
63
563
151
319
496
159
957
802
1285
1283
1363
1066
784
851
20
835
1449
968
1322
947
769
1455
162
1460
261
834
844
1122
1146
752
675
1084
1093
367
1167
259
1325
1291
583
1306
1240
1133
1307
868
1463
443
166
59
318
805
253
771
838
1287
1223
628
525
797
266
1361
1200
644
337
1338
920
1215
265
619
697
532
845
504
1016
847
1277
231
1293
941
115
1161
338
392
450
87
614
703
498
362
639
386
1290
841
1145
1227
643
1257
1054
553
671
43
1148
635
279
859
717
286
23
1083
308
1194
735
1149
1166
332
767
1441
312
320
364
339
745
543
778
369
1126
967
1430
842
1027
1331
470
886
1218
740
235
462
1046
174
816
340
1233
891
373
343
923
1409
657
914
929
1085
416
966
1429
610
499
466
683
875
1235
200
998
988
529
181
1130
1369
519
39
77
1097
673
183
746
615
421
256
247
867
792
1086
434
41
236
959
927
764
682
1074
889
791
943
1049
668
1271
157
478
942
163
432
303
510
531
274
173
114
952
751
205
1353
1144
393
1176
539
811
224
1001
243
1090
1400
1221
155
1114
226
608
1190
589
749
80
1267
598
1373
95
24
850
497
117
729
611
474
936
160
785
1450
192
741
1025
53
61
76
388
215
132
221
90
909
239
10
176
1067
476
225
766
1204
1349
78
663
1399
674
1011
419
407
1288
939
1230
179
88
360
291
316
38
864
128
123
1274
461
1095
122
190
135
1439
21
872
438
1098
1169
204
489
1260
1467
49
1232
1038
983
158
1254
1132
118
263
885
1043
1356
124
783
915
370
1135
161
399
722
384
1275
1055
345
141
131
987
975
994
1265
1445
702
949
222
120
212
560
537
208
351
133
175
954
328
31
1202
167
28
401
258
170
194
1354
1238
718
1396
1418
143
1131
203
71
1388
1437
1312
185
931
45
596
1196
1366
327
233
14
272
391
1241
1333
1211
1174
346
136
586
1335
1045
57
22
326
1243
284
178
246
487
965
905
341
922
150
798
743
1386
562
963
366
142
67
293
26
1344
16
524
666
65
944
1357
3
27
146
1242
973
636
924
1185
485
514
1181
1346
1118
189
971
100
112
1413
305
106
659
18
56
107
1434
218
51
925
237
99
1314
945
111
716
1367
197
1425
472
1459
182
390
1012
184
69
1420
617
210
836
81
502
66
2
89
147
1186
50